672
48
527
62
709
66
611
64
948
53
795
50
742
58
720
52
938
43
811
57
824
58
946
56
720
66
912
62
658
46
633
68
548
64
911
66
566
54
813
45
619
56
502
60
804
46
839
67
807
46
760
51
852
45
757
51
705
43
945
43
632
64
745
59
929
47
831
42
825
52
718
61
805
45
797
66
855
45
837
48
659
61
898
68
818
48
785
67
928
54
644
62
652
49
704
68
617
58
629
58
871
67
570
56
787
63
657
59
581
46
579
54
551
64
678
53
829
68
604
47
685
43
666
50
808
59
851
52
869
58
838
52
781
67
692
68
910
52
728
53
825
67
525
49
825
62
929
42
748
60
673
53
544
58
850
42
540
42
858
65
711
59
840
63
623
58
843
42
924
57
842
46
751
64
767
53
546
68
616
44
506
47
916
59
551
44
736
48
918
60
586
56
826
58
683
49
878
55
945
59
761
53
535
52
896
49
602
68
695
43
746
67
566
58
698
53
838
44
518
60
892
47
788
52
898
62
721
64
795
43
807
52
790
61
558
68
646
57
719
59
942
43
712
60
712
56
832
45
948
65
